I03=[4;10;17;38;47];
I04=[13;31;36;37;49];
I05=[27;34;35;36;40;50];
I06=[1;3;11;14;17;20;21;33;36;39;44;47];
I07=[15;25;26;27;34];
I08=[1;6;11;14;16;17;18;19;20;21;24;26;26;28;40;41;42;49;50;53];

Id03_005=[35;44];
Id04_005=[14;37];
Id05_005=[37;40;43];
Id06_005=[6;22;37];
Id07_005=26;
Id08_005=[23;25;50;53];

Id03_01=[4;30;31;34;35;41;44];
Id04_01=[14;35;37;38;46];
Id05_01=[37;40;43;45;48];
Id06_01=[6;13;22;28;37];
Id07_01=[14;26;35];
Id08_01=[22;23;25;40;41;50;53];

Im03_005=[8;31;34;44];
Im04_005=[14;30;31;32;33;34;35;36;37;38;39;43;44;46;47;48];
Im05_005=[1;16;17;28;31;33;34;35;37;39;40;41;42;43;44;45;46;47;48;49;50];
Im06_005=[14;15;16;20;31;32;34;38;39;40;41;42;46;48];
Im07_005=[5;10;12;13;22;28;29;31;35;37;38;39;40;41;43;44;46;47;48];
Im08_005=[9;10;13;15;21;22;28;29;31;32;34;35;37;39;40;41;44;46;47;48];

Im03_01=[8;25;31;34;44];
Im04_01=[7;14;26;27;30;31;32;33;34;35;36;37;38;39;41;43;44;46;47;48];
Im05_01=[1;2;14;16;17;22;27;28;31;33;34;35;37;39;40;41;42;43;44;45;46;47;48;49;50];
Im06_01=[15;16;20;31;32;34;38;39;40;41;42;43;46;48];
Im07_01=[5;10;12;13;22;25;27;28;29;31;32;35;37;38;39;40;41;43;44;46;47;48;49];
Im08_01=[9;10;12;13;15;21;22;28;29;31;32;34;35;37;39;40;41;43;44;46;47;48];
